5320,Agedrup,55.4280826963,10.4782007224
6753,Agerbæk,55.6022149789,8.8007953745
6534,Agerskov,55.1300239846,9.1423618579
2620,Albertslund,55.665763799,12.3471815977
3450,Allerød,55.8696040752,12.3480293077
3770,Allinge/Sandvig,55.2650684229,14.8064575587
8961,Allingåbro,56.4809855062,10.4175542855
6051,Almind,55.5625732808,9.4836422618
8592,Anholt,56.7061328017,11.5402090958
8643,Ans By,56.2989254755,9.6020924499
6823,Ansager,55.7177882313,8.7463898275
9510,Arden,56.7645890302,9.8935689633
4792,Askeby,54.9064198283,12.1607927891
4550,Asnæs,55.8257262117,11.4989945868
5466,Asperup,55.4969513439,9.9024746121
5610,Assens,55.281141732,9.9169259964
9340,Asaa,57.1369481919,10.3890460678
6440,Augustenborg,54.963117748,9.9188629649
7490,Aulum,56.2726419809,8.8033135753
8963,Auning,56.4304197664,10.3758645433
5935,Bagenkop,54.7511639183,10.6868793877
2880,Bagsværd,55.7575692678,12.4558537685
8444,Balle på Djursland,56.3147031588,10.8036418609
2750,Ballerup,55.7376189478,12.360287429
7150,Barrit,55.7132280169,9.8894746342
8330,Beder,56.0578760387,10.2162427538
7755,Bedsted Thy,56.8206308489,8.4031160331
6541,Bevtoft,55.1967442503,9.1968365365
6852,Billum,55.6137824557,8.3273151955
7190,Billund,55.726808686,9.1121227677
9881,Bindslev,57.5702677366,10.2030170422
3460,Birkerød,55.8422971733,12.4285606461
8850,Bjerringbro,56.3772800841,9.6528623336
6091,Bjert,55.4520962857,9.5664306944
4632,Bjæverskov,55.4571757597,12.0431795148
9492,Blokhus,57.2543671109,9.6045014609
5491,Blommenslyst,55.387896419,10.2492839721
6857,Blåvand,55.5542430772,8.1505853857
4242,Boeslunde,55.3051501878,11.2656849343
5400,Bogense,55.554394216,10.0949784659
4793,Bogø By,54.9233535115,12.0509745812
6392,Bolderslev,54.9917057018,9.2725214856
7441,Bording,56.150246276,9.2703908474
4791,Borre,54.9779196534,12.4689940062
4140,Borup på Sjælland,55.4948029164,11.9768841307
8220,Brabrand,56.1577917962,10.1110848042
6740,Bramming,55.471652042,8.7061205703
7330,Brande,55.937428053,9.1089079557
6535,Branderup J,55.120180178,9.0657034773
6261,Bredebro,55.0545719351,8.7706860958
7182,Bredsten,55.7048664616,9.3599838664
5464,Brenderup Fyn,55.4996614673,9.9727751036
6310,Broager,54.8861566053,9.6778274625
5672,Broby,55.2421701497,10.263370053
9460,Brovst,57.1072381658,9.5189557663
8654,Bryrup,56.0260029504,9.5171241099
8740,Brædstrup,55.9734636166,9.6190403543
2605,Brøndby,55.6526698097,12.4134743197
2660,Brøndby Strand,55.6226281952,12.416977812
9700,Brønderslev,57.2734247185,9.9389657097
2700,Brønshøj,55.7062415775,12.4848560721
6650,Brørup,55.4951498384,9.0155495678
6372,Bylderup - Bov,54.957626659,9.1023113561
6622,Bække,55.5756115634,9.1475493727
7660,Bækmarksbro,56.4144126316,8.3205473556
9574,Bælum,56.8252159704,10.1299092977
7080,Børkop,55.6478910757,9.676556847
7650,Bøvlingbjerg,56.4365935861,8.2084334533
2920,Charlottenlund,55.7582428326,12.5729319623
6070,Christiansfeld,55.3594234662,9.4669388386
5380,Dalby,55.5165861649,10.672974832
4261,Dalmose,55.2860387814,11.4192944577
4983,Dannemare,54.7397684217,11.188449301
8721,Daugård,55.7312334074,9.7116462604
4293,Dianalund,55.5334041139,11.4884516102
2791,Dragør,55.5893424072,12.636388425
9330,Dronninglund,57.1840696724,10.3057296382
3120,Dronningmølle,56.0968282294,12.3819553486
9352,Dybvad,57.2796233009,10.3292575108
2870,Dyssegård,55.7327900522,12.5267805628
5631,Ebberup,55.2079894776,9.99034417
8400,Ebeltoft,56.2176014649,10.6748962361
6320,Egernsund,54.9039696794,9.6155507664
6040,Egtved,55.5988700574,9.3654564134
8250,Egå,56.2233756343,10.2955718951
5592,Ejby,55.4221069755,9.9216333415
7361,Ejstrupholm,55.9898586653,9.2914971594
7442,Engesvang,56.1735293301,9.3421856806
4895,Errindlev,54.6634348447,11.5024151691
7950,Erslev,56.847564954,8.7063835447
6700,Esbjerg,55.4731370202,8.4590181434
4593,Eskebjerg,55.7020358315,11.2737383692
4863,Eskilstrup,54.8541460251,11.8845836791
3060,Espergærde,55.9916383586,12.5419498013
6720,Fanø,55.416192124,8.4039822794
9640,Farsø,56.7691417882,9.2857754357
3520,Farum,55.8166263224,12.3724529264
4640,Faxe,55.2447640115,12.1205739287
4654,Faxe Ladeplads,55.2170473471,12.1595855812
4944,Fejø,54.9438478336,11.4087172516
5863,Ferritslev Fyn,55.313626301,10.5819420368
4173,Fjenneslev,55.4375132215,11.6666139629
9690,Fjerritslev,57.0965899089,9.2621280103
8762,Flemming,55.8704063354,9.6630034479
3480,Fredensborg,55.9740627438,12.4000915099
7000,Fredericia,55.5641669204,9.7099172449
2000,Frederiksberg,55.6825752996,12.518421026
9900,Frederikshavn,57.4394609108,10.5019571697
3600,Frederikssund,55.8396975654,12.0729093916
3300,Frederiksværk,55.9828269104,12.0278441166
5871,Frørup,55.2387765891,10.7648808088
7741,Frøstrup,57.1062986188,8.9824764806
4250,Fuglebjerg,55.3093258764,11.5478689494
7884,Fur,56.8221663243,9.0227985969
4591,Føllenslev,55.7459713891,11.3334459705
6683,Føvling,55.4395604224,8.908662448
5600,Faaborg,55.1027702578,10.2501288694
4540,Fårevejle,55.8165368974,11.4281834435
8990,Fårup,56.5517644956,9.8676691358
8882,Fårvang,56.2703755998,9.7069026793
7321,Gadbjerg,55.7695935467,9.3045493465
4621,Gadstrup,55.5704413588,12.1037327986
8464,Galten,56.1562760629,9.9279386687
9362,Gandrup,57.0553406901,10.1854253652
4874,Gedser,54.5949634298,11.9442339133
9631,Gedsted,56.688979631,9.3424899868
8751,Gedved,55.9317240535,9.8461080942
5591,Gelsted,55.3946661709,9.9619855854
2820,Gentofte,55.7507592234,12.5302075368
6621,Gesten,55.526832906,9.2039808242
3250,Gilleleje,56.1157241692,12.2861760533
5854,Gislev,55.2161612218,10.6005390553
4532,Gislinge,55.732796414,11.5539840617
9260,Gistrup,56.9786850277,9.995597584
7323,Give,55.85092768,9.249764362
8983,Gjerlev J,56.5834750578,10.1391474888
8883,Gjern,56.2250214555,9.7396480645
5620,Glamsbjerg,55.2758065456,10.0932243752
6752,Glejbjerg,55.5579609419,8.8311816694
8585,Glesborg,56.5083033821,10.6668118506
2600,Glostrup,55.6808166626,12.4003163694
4171,Glumsø,55.3621977138,11.6894851586
6510,Gram,55.2825416358,9.0241962231
6771,Gredstedbro,55.4032031965,8.7491892483
8500,Grenaa,56.4216145377,10.8741372932
2670,Greve Strand,55.5901802821,12.3031928563
4571,Grevinge,55.7935562934,11.5887373011
7200,Grindsted,55.7496573375,8.9103203013
3230,Græsted,56.0763710603,12.2599343081
6300,Gråsten,54.9147182679,9.5724601615
5892,Gudbjerg Sydfyn,55.1567571924,10.6572564788
3760,Gudhjem,55.1951439844,14.9489353883
5884,Gudme,55.1496416714,10.7035562654
4862,Guldborg,54.8637706439,11.7323639874
6690,Gørding,55.4729658597,8.8038508652
4281,Gørlev Sjælland,55.532301007,11.1822219077
3330,Gørløse,55.8841622585,12.1999520777
6100,Haderslev,55.2430490129,9.5245068418
8370,Hadsten,56.3328371054,10.0664283403
9560,Hadsund,56.749419796,10.2059323004
9370,Hals,57.0335037522,10.3324120688
8450,Hammel,56.2578029235,9.8651447539
7362,Hampen,56.0313839721,9.3672011336
7730,Hanstholm,57.1081681884,8.6318131674
7673,Harboøre,56.6009236993,8.15912977
8462,Harlev J,56.1454333945,9.9964691721
5463,Harndrup,55.4573074147,10.0223928818
4912,Harpelunde,54.8764852211,11.0736933128
3790,Hasle,55.1938671206,14.7195518341
4690,Haslev,55.3256563039,11.9701894128
8361,Hasselager,56.1065350515,10.0885881379
4622,Havdrup,55.5438799617,12.1203400407
8970,Havndal,56.6399205461,10.2119203938
2640,Hedehusene,55.6515798017,12.1971864736
8722,Hedensted,55.7701192775,9.6998368573
6094,Hejls,55.3730762264,9.5989523465
7250,Hejnsvig,55.6883694922,8.9798511423
3150,Hellebæk,56.0667220246,12.557776001
2900,Hellerup,55.7336829921,12.5605887379
3200,Helsinge,56.0162666539,12.1837771494
3000,Helsingør,56.0337989356,12.5886985375
6893,Hemmet,55.8411950977,8.3118107515
6854,Henne,55.7331656719,8.2050167368
4681,Herfølge,55.4108491105,12.1413534625
2730,Herlev,55.7331330642,12.4354840731
4160,Herlufmagle,55.3138740495,11.7513703246
7400,Herning,56.1328288376,8.973807769
5874,Hesselager,55.1733973228,10.7624328835
3400,Hillerød,55.9360349661,12.2936551006
8382,Hinnerup,56.2594471449,10.0651004334
9850,Hirtshals,57.5703073631,9.9665042443
9320,Hjallerup,57.1784288439,10.1470277359
7560,Hjerm,56.4394082161,8.6462306069
8530,Hjortshøj,56.2630927096,10.2492857334
9800,Hjørring,57.4654413244,9.9690946266
9500,Hobro,56.6454660267,9.7779435429
4300,Holbæk,55.7255111928,11.7179672812
4960,Holeby,54.7098130343,11.482622944
4684,Holme-Olstrup,55.2675832686,11.8310174008
7500,Holstebro,56.3613779837,8.6274464727
6670,Holsted,55.4997419714,8.9130567999
2840,Holte,55.8191399677,12.4853181094
4871,Horbelev,54.8238426423,12.0643074187
3100,Hornbæk,56.0849830209,12.4483515862
8543,Hornslet,56.3172363055,10.3094028535
8783,Hornsyld,55.7628844054,9.8519954159
8700,Horsens,55.8552918601,9.8676048252
4913,Horslunde,54.9205657509,11.2112314347
6682,Hovborg,55.6061673746,8.9386906492
8732,Hovedgård,55.9486078293,9.9583816372
5932,Humble,54.8125463386,10.6900279094
3050,Humlebæk,55.9608281939,12.5228705926
3390,Hundested,55.9662447911,11.8776051491
7760,Hurup Thy,56.7305917241,8.414797929
4330,Hvalsø,55.5925548524,11.8633709713
6960,Hvide Sande,55.9549132495,8.1439345761
7790,Hvidbjerg,56.6369172814,8.5452806625
2650,Hvidovre,55.6373338542,12.4720578202
8270,Højbjerg,56.1120182436,10.1908325452
4573,Højby Sjælland,55.9060745363,11.5549047868
6280,Højer,54.9722013174,8.7045885585
7840,Højslev,56.581924176,9.172027918
4270,Høng,55.5077564988,11.296156517
8362,Hørning,56.0863261187,10.0321075715
2970,Hørsholm,55.8863671929,12.4953705892
4534,Hørve,55.7537736612,11.4326869525
5683,Haarby,55.2119933719,10.106980945
4652,Hårlev,55.350544664,12.2290078543
4872,Idestrup,54.7247441202,11.9782250264
7430,Ikast,56.1336731146,9.1580646465
2635,Ishøj,55.6154164394,12.3411745372
6851,Janderup Vestjylland,55.630240545,8.373385045
7300,Jelling,55.7655601106,9.4245641253
9740,Jerslev Jylland,57.2903299582,10.1121283989
4490,Jerslev Sjælland,55.6164569298,11.2275022392
9981,Jerup,57.5268377132,10.4356897522
6064,Jordrup,55.5506340002,9.3139864132
7130,Juelsminde,55.7283493618,9.9913582617
4450,Jyderup,55.6557247665,11.4022328315
4040,Jyllinge,55.7584638798,12.105952741
4174,Jystrup Midtsjælland,55.5182287837,11.8647869918
3630,Jægerspris,55.8640964823,11.9586612461
4400,Kalundborg,55.688721,11.0832058867
4771,Kalvehave,55.0031359701,12.1504163171
7960,Karby,56.7533835644,8.579293284
4653,Karise,55.3053759939,12.1979816619
2690,Karlslunde,55.5655431372,12.2440013453
4736,Karrebæksminde,55.1779512266,11.652128623
7470,Karup J,56.3265890116,9.2033980926
2770,Kastrup,55.6228313905,12.6091781691
5300,Kerteminde,55.4513439464,10.6477363589
4892,Kettinge,54.7008627703,11.7477026565
2800,Kgs.Lyngby,55.7752170444,12.5052180194
6933,Kibæk,56.0190182036,8.860703959
4360,Kirke Eskilstrup,55.5701180443,11.7743835006
4070,Kirke Hyllinge,55.7008393425,11.8926674447
4060,Kirke Søby,55.6459221112,11.8567793141
8620,Kjellerup,56.2859768741,9.4119306354
2930,Klampenborg,55.7765297064,12.5885970701
9270,Klarup,57.011392147,10.0534477927
3782,Klemensker,55.1796636524,14.8113614864
4672,Klippinge,55.3554092678,12.3321305457
8765,Klovborg,55.9313486459,9.4912469644
8420,Knebel,56.1786008434,10.4722931678
2980,Kokkedal,55.9116177774,12.4891806802
6000,Kolding,55.4936696592,9.479137649
8560,Kolind,56.3547664127,10.5974862137
9293,Kongerslev,56.8889580352,10.1103257045
4220,Korsør,55.3414574699,11.1551564486
6340,Kruså,54.8578892958,9.4358214944
3490,Kvistgård,55.9962611795,12.5009675785
5772,Kværndrup,55.1789161445,10.5322879511
1000,København,55.6806855743,12.5858008977
4600,Køge,55.4544723197,12.1806276761
4772,Langebæk,54.9975224271,12.0812573857
5550,Langeskov,55.360250901,10.5859093661
8870,Langø,56.3900913071,9.9107828034
4320,Lejre,55.597772533,11.9712660217
6940,Lem St,56.036119357,8.3921046451
8632,Lemming,56.2401049561,9.5376518965
7620,Lemvig,56.5407400518,8.2918407505
4623,Lille Skensved,55.4979435708,12.0987959574
6660,Lintrup,55.4115805206,8.9791672783
3360,Liseleje,56.0077025902,11.9678748927
4750,Lundby,55.1115430551,11.8392927932
6640,Lunderskov,55.4834109486,9.3100236926
3540,Lynge,55.838370773,12.2796492535
8520,Lystrup,56.2367763995,10.2313441742
9940,Læsø/Byrum,57.2879694301,11.0161468938
8831,Løgstrup,56.5192912906,9.3210629171
9670,Løgstør,56.9304137935,9.2659816801
6240,Løgumkloster,55.0556155563,8.9788845717
9480,Løkken,57.3631574604,9.7232904354
8723,Løsning,55.8027396245,9.6973629514
8670,Låsby,56.1513251465,9.807608815
8340,Malling,56.0368150116,10.2127549098
9550,Mariager,56.6518346162,10.0074746783
4930,Maribo,54.7932348547,11.5005696595
5290,Marslev,55.3948734125,10.5239228893
5960,Marstal,54.8577159769,10.508414489
5390,Martofte,55.5704774127,10.6250449081
3370,Melby,55.9919045412,11.9718042299
4735,Mern,55.046482276,12.0709068492
5370,Mesinge Fyn,55.5080051723,10.6288703003
5500,Middelfart,55.5067544482,9.7637054013
5642,Millinge,55.1412813011,10.1733284922
5462,Morud,55.4438227224,10.193458235
4190,Munke Bjergby,55.4990233214,11.5181939292
5330,Munkebo,55.456876841,10.5553749691
9632,Møldrup,56.6073674768,9.5034114086
8544,Mørke,56.3528108541,10.3414467438
4440,Mørkøv,55.6514016588,11.5076619802
2760,Måløv,55.7516668705,12.3202380018
8320,Mårslet,56.0695455246,10.1630418543
4900,Nakskov,54.8287270002,11.1278478462
3730,Nexø/Dueodde,55.043391025,15.1072555335
9240,Nibe,56.9698862344,9.618035623
8581,Nimtofte,56.4149904618,10.5764380093
2990,Nivå,55.9372345622,12.5003094271
6430,Nordborg,55.0329777146,9.788510249
5800,Nyborg,55.3220981774,10.7794014507
4800,Nykøbing Falster,54.7729324271,11.8842447438
7900,Nykøbing Mors,56.8110814777,8.8321510059
4500,Nykøbing Sjælland,55.9283983072,11.6384655464
4880,Nysted,54.6708756224,11.7251569039
2850,Nærum,55.8181621943,12.5327571258
4700,Næstved,55.2230258271,11.7629128008
9610,Nørager,56.7443845957,9.6701867222
4840,Nørre Alslev,54.9070943057,11.8528860575
4572,Nørre Asmindrup,55.8797056847,11.6153353451
6830,Nørre-Nebel,55.7816466491,8.2689421609
8766,Nørre-Snede,55.9653601464,9.3973042825
5580,Nørre Aaby,55.4542165705,9.8705376085
4951,Nørreballe,54.8092222638,11.4280794909
9400,Nørresundby,57.0697562035,9.9262209505
8300,Odder,55.9615033256,10.1883395748
5000,Odense,55.4027729633,10.3925394522
6840,Oksbøl,55.6421419476,8.2732060215
5450,Otterup,55.5410352507,10.4045765734
5883,Oure,55.1218965543,10.72473747
6855,Outrup,55.7167395899,8.3529116044
6330,Padborg,54.8365170162,9.353668426
9490,Pandrup,57.2108365011,9.6421896641
4720,Præstø,55.1110436533,12.0633957135
7183,Randbøl,55.6879442065,9.2623269592
8900,Randers,56.4629809404,10.0450186863
9681,Ranum,56.896736874,9.2043127799
8763,Rask Mølle,55.8753637011,9.6117658001
7970,Redsted M,56.7406486792,8.64546146
4420,Regstrup,55.6681714447,11.6160080305
6760,Ribe,55.3205724669,8.7712300936
5750,Ringe,55.231737809,10.4564553302
6950,Ringkøbing,56.1036307877,8.2128881246
4100,Ringsted,55.4435645687,11.8138746031
8240,Risskov,56.1982365204,10.2300363495
4000,Roskilde,55.6418610953,12.0871464836
7870,Roslev,56.7240435898,8.9891402917
4243,Rude,55.2143776119,11.4890312643
5900,Rudkøbing,54.9218059087,10.7351693412
4291,Ruds-Vedby,55.5433142763,11.3809508015
2960,Rungsted Kyst,55.8868189909,12.5305118748
8680,Ry,56.0885702348,9.7545727845
5350,Rynkeby,55.3998976184,10.6137394174
8550,Ryomgård,56.3849535207,10.4811040427
5856,Ryslinge,55.237469478,10.536798403
4970,Rødby,54.6836635255,11.3605456682
6630,Rødding,55.3709253484,9.111646445
6230,Rødekro,55.0720956814,9.3238658862
8840,Rødkærsbro,56.3498025327,9.5102442867
2610,Rødovre,55.6871506544,12.4527067795
4673,Rødvig Stevns,55.2573523702,12.3662970629
6792,Rømø/Havneby,55.1162540644,8.5366791924
8410,Rønde,56.3109017943,10.4661498102
3700,Rønne,55.1066518137,14.7250533252
4683,Rønnede,55.2507300268,12.0296891968
4581,Rørvig,55.9496283219,11.7496554555
8471,Sabro,56.2122999317,10.0237761559
4990,Sakskøbing,54.796797885,11.6459518758
9493,Saltum,57.281338348,9.6596043128
8305,Samsø/Tranebjerg,55.8618643022,10.5837191305
4592,Sejerø,55.8919087518,11.1329218212
8600,Silkeborg,56.1716043357,9.5567891573
9870,Sindal,57.4695618234,10.2390334157
4583,Sjællands Odde,55.9712482352,11.362285945
6093,Sjølund,55.4071217111,9.5585143785
9990,Skagen,57.7205225048,10.5622146319
8832,Skals,56.580266739,9.3711928219
5485,Skamby,55.5188789457,10.2767134128
8660,Skanderborg,56.0390354566,9.9242823749
4050,Skibby,55.758280866,11.9544971379
7800,Skive,56.5575181518,9.0212928551
6900,Skjern,55.9676597566,8.5008747931
2942,Skodsborg,55.8277184847,12.5717702837
2740,Skovlunde,55.7164866521,12.3991192722
4230,Skælskør,55.2432281956,11.2873372241
3320,Skævinge,55.9187963709,12.151602292
8541,Skødstrup,56.2683007849,10.31233115
6780,Skærbæk,55.1657361811,8.7770141165
9520,Skørping,56.8443597808,9.9074278642
5881,Skårup Fyn,55.0868996513,10.699624327
4200,Slagelse,55.4080344538,11.3261558711
3550,Slangerup,55.8452641996,12.1871386223
2765,Smørum,55.7359122784,12.2986697548
7752,Snedsted,56.8777290886,8.5060094542
3070,Snekkersten,56.0119154562,12.576789777
4460,Snertinge,55.711682194,11.3818042369
8355,Ny-Solbjerg,56.038779891,10.0861636054
2680,Solrød Strand,55.5307690475,12.2117720023
6560,Sommersted,55.3242142293,9.2842353454
8641,Sorring,56.1776575762,9.7803924285
4180,Sorø,55.4363071909,11.5632520675
8981,Spentrup,56.5397047978,10.0406714588
6971,Spjald,56.1377124981,8.5025541629
8472,Sporup,56.2083165199,9.8342500533
7270,Stakroge,55.8945541641,8.8441871174
4780,Stege,54.9904435268,12.291612537
8781,Stenderup,55.7952064647,9.810659371
4295,Stenlille,55.5431674528,11.5840914211
3660,Stenløse,55.7779790192,12.2196021128
5771,Stenstrup,55.1269587488,10.5133968611
4773,Stensved,54.9952109039,12.0266292735
7850,Stoholm Jylland,56.4837738556,9.1354234227
4952,Stokkemarke,54.8431038117,11.3726911461
4480,Store Fuglede,55.5759621011,11.1708514625
4660,Store Heddinge,55.3093227239,12.3769741374
4370,Store Merløse,55.5438648352,11.7232788967
9280,Storvorde,56.9764507159,10.1767425076
7140,Stouby,55.7081154615,9.7980318741
9970,Strandby,57.4955881458,10.4891156016
7600,Struer,56.4924599773,8.5705900225
4671,Strøby,55.3953223159,12.2967007599
4850,Stubbekøbing,54.8845286495,12.0380117457
9530,Støvring,56.8949631527,9.8191751584
9541,Suldrup,56.847744219,9.6895704689
7451,Sunds,56.2177814149,9.0236534321
3740,Svaneke,55.1308871522,15.1297105526
4470,Svebølle,55.651104657,11.2885198445
5700,Svendborg,55.0526065669,10.6105531478
9230,Svenstrup Jylland,56.9671521876,9.8508408232
4520,Svinninge,55.7186989532,11.477937986
6470,Sydals,54.9008656182,9.9577944949
2860,Søborg,55.7380354624,12.4969925515
9300,Sæby,57.3097460869,10.501073155
5985,Søby Ærø,54.93182513,10.2674146552
4920,Søllested,54.8036459005,11.2782602906
7280,Sønder Felding,55.9410559513,8.784144085
7260,Sønder Omme,55.8423998129,8.8967414544
6092,Sønder Stenderup,55.4581257078,9.6222924656
6400,Sønderborg,54.9218501824,9.7739132326
5471,Søndersø,55.4912805423,10.201030669
7550,Sørvad,56.2605142409,8.6562934471
4733,Tappernøje,55.1777705947,11.9746692314
6880,Tarm,55.888009317,8.5147011291
9575,Terndrup,56.8114602011,10.0571972374
8653,Them,56.0900254461,9.550056396
7700,Thisted,56.9728959691,8.6266822175
8881,Thorsø,56.3044546117,9.7857467934
7680,Thyborøn,56.6987248965,8.2118425672
3080,Tikøb,56.0291667438,12.4465310736
8381,Tilst,56.1857532973,10.1077715869
6980,Tim,56.1976738712,8.2885341419
6360,Tinglev,54.9319296612,9.2423305052
6862,Tistrup,55.7167580824,8.6125474702
3220,Tisvildeleje,56.0579548285,12.0915157286
6731,Tjæreborg,55.4657374358,8.5840907397
6520,Toftlund,55.1794809424,9.0368628411
5690,Tommerup,55.3237332027,10.2038442405
4891,Toreby Lolland,54.7597708399,11.7776376408
4943,Torrig Lolland,54.905796251,11.322388049
5953,Tranekær,55.0600867892,10.8771115678
8570,Trustrup,56.3568110522,10.7576063851
4682,Tureby,55.3756173487,12.0820666696
4340,Tølløse,55.6116023976,11.7253633273
6270,Tønder,54.9444529932,8.8693948485
7160,Tørring,55.8589148282,9.5037281917
9830,Tårs,57.3799923556,10.1320477511
2630,Taastrup,55.6496763534,12.2913238302
4350,Ugerløse,55.5879384009,11.6486784417
7171,Uldum,55.843953472,9.5910259592
6990,Ulfborg,56.2909537313,8.2138970356
5540,Ullerslev,55.3584496939,10.6640975016
8860,Ulstrup,56.3883693626,9.7938635634
9430,Vadum,57.129761997,9.8631100687
2500,Valby,55.6614422132,12.4996413871
2625,Vallensbæk,55.6472372265,12.3621229511
2665,Vallensbæk Strand,55.621916302,12.3875115384
6580,Vamdrup,55.4234075884,9.3063176483
7184,Vandel,55.7141944676,9.2122453414
2720,Vanløse,55.6895514366,12.4867312167
6800,Varde,55.6357881117,8.5045080917
2950,Vedbæk,55.8465950059,12.5452431795
5474,Veflinge,55.4682955758,10.1525714299
3210,Vejby,56.0804466291,12.1435645108
6600,Vejen,55.4799774323,9.1399969569
6853,Vejers Strand,55.6247717332,8.1315502978
7100,Vejle,55.7065481186,9.5253326664
5882,Vejstrup,55.1089212249,10.7095671016
3670,Veksø Sjælland,55.7539721281,12.2322285752
7570,Vemb,56.3547462308,8.3309986652
4241,Vemmelev,55.3613170874,11.2571424167
7742,Vesløs,57.0220115584,8.9724847334
9380,Vestbjerg,57.131685837,9.9634597866
5762,Vester Skerninge,55.0723631842,10.4588604846
4953,Vesterborg,54.8650070441,11.2963078776
7770,Vestervig,56.7717127614,8.2830237018
8800,Viborg,56.4451768592,9.3908082506
8260,Viby Jylland,56.1284396844,10.1438525376
4130,Viby Sjælland,55.5481738735,12.0224500496
6920,Videbæk,56.0758326601,8.6579931213
4560,Vig St.,55.8585165142,11.5573030496
7480,Vildbjerg,56.1880128619,8.7685716231
7980,Vils,56.7585753085,8.7268860154
7830,Vinderup,56.4740023608,8.7924023378
4390,Vipperød,55.6672035725,11.7437604271
2830,Virum,55.7915927113,12.4707149886
5492,Vissenbjerg,55.3875084029,10.1365058286
6052,Viuf,55.5931044518,9.4928268751
9310,Vodskov,57.1004244264,10.0663395728
6500,Vojens,55.2425155355,9.2994664814
7173,Vonge,55.8625873869,9.4188815126
6623,Vorbasse,55.635840804,9.0793437541
4760,Vordingborg,55.018646874,11.9146406085
9760,Vrå,57.3579371289,9.9493069796
4873,Væggerløse,54.6826902102,11.949585589
3500,Værløse,55.7771313608,12.3697230603
5970,Ærøskøbing,54.8770203684,10.3891847319
6870,Ølgod,55.8015239027,8.6197950849
3310,Ølsted,55.9123947093,12.0609829145
3650,Ølstykke,55.783631348,12.1606590725
5853,Ørbæk,55.2642091474,10.660504302
6973,Ørnhøj,56.1973575384,8.5662354789
8950,Ørsted,56.5301350851,10.33328934
8586,Ørum Djurs,56.4450536443,10.6596901088
8752,Østbirk,55.9699553841,9.7511941778
7990,Øster-Assels,56.7025254416,8.7216674006
4894,Øster Ulslev,54.6961209048,11.6063596584
3751,Østermarie,55.1386377622,15.0186809666
9750,østervrå,57.3395011358,10.2580993864
6200,Aabenraa,55.0317762444,9.4418165793
9440,Aabybro,57.1445099469,9.7406399957
8230,Åbyhøj,56.152883487,10.1591325541
3720,Aakirkeby,55.0527699149,14.92633356
9000,Aalborg,57.0388759232,9.91422052
9982,Ålbæk,57.5999460426,10.3989311246
9620,Aalestrup,56.6896282899,9.4937148065
3140,Ålsgårde,56.0774622236,12.5289059223
8000,Århus,56.1530461129,10.2006686569
6818,Årre,55.563869785,8.6704283948
9600,Aars,56.8061159371,9.4970700693
5792,Årslev,55.3009124159,10.438754802
5560,Aarup,55.3776195883,10.0480440375